intersection:1065545.000000 
union:1423959.000000 
IoU:0.748298 
